# Star Wars box office in millions (!)
box <- c(460.998, 314.4, 290.475, 247.900, 309.306, 165.8)

# Create star_wars_matrix
star_wars_matrix <- matrix(box, byrow = TRUE, nrow = 3)